Initial data given.
51.00	5.00	-1.00	1.10
56.00	4.00	1.00	1.07
60.00	5.00	3.00	1.08	
65.00	8.00	-3.00	1.12	
73.00	5.00	2.00	1.07	
78.00	7.00	-6.00	1.09	
85.00	1.00	-3.00	1.01	
86.00	-2.00	-1.00	0.98		
84.00	-3.00	2.00	0.96	
81.00	-1.00	-9.00	0.99	
80.00	-10.00		0.88
70.00	

	5.00	4.00	5.00	8.00	5.00	7.00	1.00	-2.00	-3.00	-1.00	-10.00	
Second Difference of the given data.
		-1.00	1.00	3.00	-3.00	2.00	-6.00	-3.00	-1.00	2.00	-9.00	
Factors of the given data.
	1.10	1.07	1.08	1.12	1.07	1.09	1.01	0.98	0.96	0.99	0.88	
