Program finds best fit polynomial of degree 5 
Data points (x,y): 
 1995.000000 5500.000000 
 1996.000000 8500.000000 
 1997.000000 13500.000000 
 1998.000000 20500.000000 
 1999.000000 29500.000000 
 2000.000000 40500.000000 
 2001.000000 53500.000000 
 2002.000000 68500.000000 


Coefficients of polynomial found
3660571081.752407
-3198876.855352
210.427244
0.395011
-0.000099
0.000000

Data points calculated with the polynomial 
0 +0.000000000000000000 +3660571081.752406597137451172 
1 +0.244897959183673464 +3659787695.965028762817382812 
2 +0.489795918367346927 +3659004335.453209400177001953 
3 +0.734693877551020336 +3658221000.251746177673339844 
4 +0.979591836734693855 +3657437690.395429134368896484 
5 +1.224489795918367374 +3656654405.919039726257324219 
6 +1.469387755102040893 +3655871146.857349872589111328 
7 +1.714285714285714413 +3655087913.245124340057373047 
8 +1.959183673469387932 +3654304705.117118358612060547 
9 +2.204081632653061451 +3653521522.508078575134277344 
10 +2.448979591836734748 +3652738365.452744007110595703 
11 +2.693877551020408045 +3651955233.985844135284423828 
12 +2.938775510204081343 +3651172128.142100811004638672 
13 +3.183673469387754640 +3650389047.956227302551269531 
14 +3.428571428571427937 +3649605993.462927341461181641 
15 +3.673469387755101234 +3648822964.696897029876708984 
16 +3.918367346938774531 +3648039961.692824363708496094 
17 +4.163265306122448273 +3647256984.485387325286865234 
18 +4.408163265306122014 +3646474033.109256744384765625 
19 +4.653061224489795755 +3645691107.599094867706298828 
20 +4.897959183673469497 +3644908207.989553928375244141 
21 +5.142857142857143238 +3644125334.315279960632324219 
22 +5.387755102040816979 +3643342486.610908508300781250 
23 +5.632653061224490720 +3642559664.911067962646484375 
24 +5.877551020408164462 +3641776869.250377178192138672 
25 +6.122448979591838203 +3640994099.663446903228759766 
26 +6.367346938775511944 +3640211356.184879779815673828 
27 +6.612244897959185685 +3639428638.849269390106201172 
28 +6.857142857142859427 +3638645947.691201210021972656 
29 +7.102040816326533168 +3637863282.745252132415771484 
30 +7.346938775510206909 +3637080644.045989990234375000 
31 +7.591836734693880651 +3636298031.627974987030029297 
32 +7.836734693877554392 +3635515445.525758266448974609 
33 +8.081632653061227245 +3634732885.773882389068603516 
34 +8.326530612244900098 +3633950352.406882286071777344 
35 +8.571428571428572951 +3633167845.459282875061035156 
36 +8.816326530612245804 +3632385364.965602397918701172 
37 +9.061224489795918657 +3631602910.960349082946777344 
38 +9.306122448979591510 +3630820483.478023052215576172 
39 +9.551020408163264364 +3630038082.553116798400878906 
40 +9.795918367346937217 +3629255708.220113277435302734 
41 +10.040816326530610070 +3628473360.513487815856933594 
42 +10.285714285714282923 +3627691039.467705726623535156 
43 +10.530612244897955776 +3626908745.117226123809814453 
44 +10.775510204081628629 +3626126477.496497154235839844 
45 +11.020408163265301482 +3625344236.639960765838623047 
46 +11.265306122448974335 +3624562022.582048892974853516 
47 +11.510204081632647188 +3623779835.357185840606689453 
48 +11.755102040816320041 +3622997674.999786376953125000 
49 +11.999999999999992895 +3622215541.544258117675781250 
