Program finds best fit polynomial of degree 2 
Data points (x,y): 
 7.000000 51.000000 
 8.000000 56.000000 
 9.000000 60.000000 
 10.000000 73.000000 
 11.000000 78.000000 
 12.000000 85.000000 
 1.000000 86.000000 
 2.000000 84.000000 
 3.000000 81.000000 
 4.000000 80.000000 
 5.000000 70.000000 
 6.000000 0.000000 


Coefficients of polynomial found
115.681818
-19.539960
1.446054

Data points calculated with the polynomial 
0 +0.000000000000000000 +115.681818181818044877 
1 +0.244897959183673464 +110.983248945972690080 
2 +0.489795918367346927 +106.458133911070078170 
3 +0.734693877551020336 +102.106473077110209147 
4 +0.979591836734693855 +97.928266444093083010 
5 +1.224489795918367374 +93.923514012018728181 
6 +1.469387755102040893 +90.092215780887102028 
7 +1.714285714285714413 +86.434371750698218761 
8 +1.959183673469387932 +82.949981921452092593 
9 +2.204081632653061451 +79.639046293148709310 
10 +2.448979591836734748 +76.501564865788068914 
11 +2.693877551020408045 +73.537537639370185616 
12 +2.938775510204081343 +70.746964613895045204 
13 +3.183673469387754640 +68.129845789362661890 
14 +3.428571428571427937 +65.686181165773007251 
15 +3.673469387755101234 +63.415970743126102604 
16 +3.918367346938774531 +61.319214521421947950 
17 +4.163265306122448273 +59.395912500660536182 
18 +4.408163265306122014 +57.646064680841874406 
19 +4.653061224489795755 +56.069671061965962622 
20 +4.897959183673469497 +54.666731644032793724 
21 +5.142857142857143238 +53.437246427042374819 
22 +5.387755102040816979 +52.381215410994705906 
23 +5.632653061224490720 +51.498638595889772773 
24 +5.877551020408164462 +50.789515981727603844 
25 +6.122448979591838203 +50.253847568508177801 
26 +6.367346938775511944 +49.891633356231494645 
27 +6.612244897959185685 +49.702873344897554375 
28 +6.857142857142859427 +49.687567534506371203 
29 +7.102040816326533168 +49.845715925057930917 
30 +7.346938775510206909 +50.177318516552233518 
31 +7.591836734693880651 +50.682375308989293217 
32 +7.836734693877554392 +51.360886302369095802 
33 +8.081632653061227245 +52.212851496691634168 
34 +8.326530612244900098 +53.238270891956922526 
35 +8.571428571428572951 +54.437144488164953771 
36 +8.816326530612245804 +55.809472285315735007 
37 +9.061224489795918657 +57.355254283409273341 
38 +9.306122448979591510 +59.074490482445547457 
39 +9.551020408163264364 +60.967180882424564459 
40 +9.795918367346937217 +63.033325483346331453 
41 +10.040816326530610070 +65.272924285210848439 
42 +10.285714285714282923 +67.685977288018108311 
43 +10.530612244897955776 +70.272484491768125281 
44 +10.775510204081628629 +73.032445896460870927 
45 +11.020408163265301482 +75.965861502096359459 
46 +11.265306122448974335 +79.072731308674605089 
47 +11.510204081632647188 +82.353055316195593605 
48 +11.755102040816320041 +85.806833524659353429 
49 +11.999999999999992895 +89.434065934065813508 
