Evaluating polynomial with coefficients: 
4.500000 -3.000000 6.000000 -6.500000 5.000000 -1.500000 2.000000  
 
Data points calculated of the polynomial x y 
-2.0000000000 +342.5000000000 
-1.9183673469 +284.5964787013 
-1.8367346939 +235.5809382020 
-1.7551020408 +194.2715725278 
-1.6734693878 +159.6145223712 
-1.5918367347 +130.6738476312 
-1.5102040816 +106.6219260859 
-1.4285714286 +86.7302782004 
-1.3469387755 +70.3608180673 
-1.2653061224 +56.9575304812 
-1.1836734694 +46.0385741477 
-1.1020408163 +37.1888110248 
-1.0204081633 +30.0527617998 
-0.9387755102 +24.3279874983 
-0.8571428571 +19.7588972282 
-0.7755102041 +16.1309820568 
-0.6938775510 +13.2654750221 
-0.6122448980 +11.0144372774 
-0.5306122449 +9.2562703704 
-0.4489795918 +7.8916546550 
-0.3673469388 +6.8399138380 
-0.2857142857 +6.0358056592 
-0.2040816327 +5.4267387046 
-0.1224489796 +4.9704153543 
-0.0408163265 +4.6329008639 
+0.0408163265 +4.3871185794 
+0.1224489796 +4.2117712863 
+0.2040816327 +4.0906886919 
+0.2857142857 +4.0126010421 
+0.3673469388 +3.9713388713 
+0.4489795918 +3.9664588868 
+0.5306122449 +4.0042959859 
+0.6122448980 +4.0994414082 
+0.6938775510 +4.2766470204 
+0.7755102041 +4.5731557355 
+0.8571428571 +5.0414580659 
+0.9387755102 +5.7524748098 
+1.0204081633 +6.7991658715 
+1.1020408163 +8.3005652161 
+1.1836734694 +10.4062419570 
+1.2653061224 +13.3011875781 
+1.3469387755 +17.2111292887 
+1.4285714286 +22.4082695136 
+1.5102040816 +29.2174515154 
+1.5918367347 +38.0227511523 
+1.6734693878 +49.2744947676 
+1.7551020408 +63.4967032152 
+1.8367346939 +81.2949620172 
+1.9183673469 +103.3647176560 
+2.0000000000 +130.5000000000 
