Evaluating polynomial with coefficients: 
4.500000 -3.000000 6.000000 -6.500000 5.000000 -1.500000 2.000000  
 
Data points calculated of the polynomial x y 
-10.0000000000 +2207134.5000000000 
-9.5918367347 +1727976.4828329277 
-9.1836734694 +1338981.3797496438 
-8.7755102041 +1026009.1876387422 
-8.3673469388 +776655.6161770222 
-7.9591836735 +580103.5652267762 
-7.5510204082 +426981.2605733465 
-7.1428571429 +309227.0480029588 
-6.7346938776 +219960.8457208273 
-6.3265306122 +153362.2551095334 
-5.9183673469 +104555.3298276756 
-5.5102040816 +69500.0032487946 
-5.1020408163 +44890.1742405698 
-4.6938775510 +28058.4512842894 
-4.2857142857 +16887.5549345937 
-3.8775510204 +9728.3786194905 
-3.4693877551 +5324.7077806442 
-3.0612244898 +2744.5973539376 
-2.6530612245 +1318.4075903068 
-2.2448979592 +583.4982168487 
-1.8367346939 +235.5809382020 
-1.4285714286 +86.7302782004 
-1.0204081633 +30.0527617998 
-0.6122448980 +11.0144372774 
-0.2040816327 +5.4267387046 
+0.2040816327 +4.0906886919 
+0.6122448980 +4.0994414082 
+1.0204081633 +6.7991658715 
+1.4285714286 +22.4082695136 
+1.8367346939 +81.2949620172 
+2.2448979592 +251.9131594266 
+2.6530612245 +665.3967285303 
+3.0612244898 +1546.8120715180 
+3.4693877551 +3253.0690509089 
+3.8775510204 +6317.4902547544 
+4.2857142857 +11501.0386021130 
+4.6938775510 +19850.2032887983 
+5.1020408163 +32761.5440734001 
+5.5102040816 +52052.8939035782 
+5.9183673469 +80041.2198826294 
+6.3265306122 +119627.1425763273 
+6.7346938776 +174386.1136600351 
+7.1428571429 +248666.2519060916 
+7.5510204082 +347692.8375114696 
+7.9591836735 +477679.4647657079 
+8.3673469388 +645945.8530591157 
+8.7755102041 +861042.3162312506 
+9.1836734694 +1132880.8902596685 
+9.5918367347 +1472873.1192889479 
+10.0000000000 +1894074.4999999858 
